100;
100;
100;
100;
100;
100;
100;
100;
100;
100;
100;
100;
100;
100;
100;
100;
100;
100;
100;
100;
100;
100;
100;
100;
100;
100;
100;
100;
100;
100;
100;
100;
100;
100;
100;
100;
100;
100;
100;
100;
100;
100;
100;
100;
100;
100;
100;
100;
100;
100;
100;
100;
100;
100;
100;
100;
100;
100;
100;
100;
100;
100;
100;
100;
100;
100;
100;
100;
100;
100;
100;
100;
100;
100;
100;
100;
100;
100;
100;
100;
100;
100;
100;
100;
100;
100;
100;
100;
100;
100;
100;
100;
100;
100;
100;
100;
100;
100;
100;
100;
100;
100;
100;
100;
100;
100;
100;
100;
100;
100;
100;
100;
100;
100;
100;
100;
100;
100;
100;
100;
100;
100;
100;
100;
100;
100;
100;
100;
100;
100;
100;
100;
100;
100;
100;
100;
100;
100;
100;
100;
100;
100;
100;
100;
100;
100;
0.0;
-1.9;
1.24;
12.42;
29.54;
76.12;
168.66;
83.71;
129.1;
260.53;
42.21;
108.92;
78.11;
48.45;
38.64;
34.21;
10.04;
8.87;
-0.08;
5.09;
5.5;
3.7;
2.72;
2.2;
0.66;
-3.36;
0.81;
-1.05